5000 100 100
894 1
9 1
826 1
201 0
650 1
128 1
666 1
160 0
618 0
928 0
727 0
250 1
875 0
217 1
273 1
488 0
387 1
610 1
296 1
791 1
144 1
96 1
901 1
754 1
31 0
338 0
913 1
351 0
268 1
674 0
385 1
471 1
115 0
917 1
343 1
929 0
553 0
96 1
413 0
793 0
832 1
418 0
422 0
0 0
415 1
73 0
152 1
56 1
73 1
279 1
808 1
818 1
872 0
83 1
114 0
698 1
409 1
848 1
82 0
246 1
979 1
948 1
943 1
513 0
723 1
625 1
562 0
862 0
250 0
654 1
252 0
115 0
345 1
645 1
600 0
531 0
755 0
657 0
903 1
188 1
696 0
794 0
349 1
241 1
139 1
257 1
305 0
154 1
630 1
462 1
112 0
73 1
905 1
716 0
696 0
755 1
695 0
193 1
531 0
872 0
132 1
829 0
419 0
388 1
510 1
698 0
4 0
512 0
585 1
905 0
131 0
497 0
451 0
592 0
176 0
332 1
714 1
64 1
271 0
695 1
621 0
617 1
741 0
865 0
636 1
448 0
232 0
931 1
410 0
126 1
835 0
437 1
314 0
92 0
13 0
81 1
48 1
925 1
512 0
101 1
816 0
92 1
698 0
181 0
701 1
780 0
699 0
951 0
643 0
47 1
463 1
344 0
506 1
717 1
909 0
806 0
513 0
65 1
112 0
936 0
400 1
529 1
5 0
175 0
715 0
268 1
482 0
743 0
551 1
725 0
44 0
523 0
84 1
707 1
59 1
159 1
554 1
341 0
878 0
384 1
648 0
397 1
364 0
257 0
120 1
103 1
418 0
754 1
289 0
80 1
339 1
557 1
371 0
220 1
918 1
682 1
480 0
372 1
466 0
592 1
706 0
989 1
786 1
288 1
564 1
300 0
31 0
509 0
366 0
182 0
954 0
939 1
42 0
352 1
717 0
26 1
316 1
322 0
613 1
735 0
976 1
980 0
689 1
728 1
736 1
805 1
339 0
168 1
440 0
456 1
896 1
750 1
795 0
65 1
800 0
334 0
616 1
55 0
749 0
535 1
803 0
163 1
686 0
739 0
63 0
776 1
124 0
303 1
961 1
435 1
887 1
599 1
107 0
705 0
746 1
401 1
394 0
276 0
420 0
594 0
744 1
860 0
606 1
515 1
428 1
150 1
831 1
922 0
526 1
776 0
215 0
577 1
331 1
749 0
958 1
369 1
640 1
17 1
380 1
776 0
879 1
569 0
168 1
877 0
98 0
886 1
533 0
235 1
605 1
140 0
563 1
271 1
136 1
111 1
159 1
660 0
526 1
432 1
410 1
203 0
127 1
224 0
124 1
885 1
874 1
473 1
660 0
377 1
356 1
160 1
20 1
552 1
787 1
21 0
472 1
481 0
892 0
301 0
153 0
479 0
235 0
105 1
163 0
282 0
286 1
520 0
775 0
220 0
495 0
571 1
939 0
934 1
468 0
998 0
844 1
788 1
213 0
143 1
241 0
875 1
398 0
729 0
985 0
808 1
700 1
808 0
402 0
189 0
981 0
634 1
209 0
0 0
910 0
676 1
660 1
512 1
201 1
830 0
814 1
235 1
829 0
77 0
889 1
839 0
172 1
760 1
601 1
457 0
159 1
823 1
158 0
976 0
946 1
406 1
658 1
522 1
401 0
437 0
975 1
931 1
98 0
164 0
928 0
640 1
340 1
540 0
172 0
970 0
586 0
675 1
134 0
554 0
7 1
451 1
703 1
526 0
396 1
390 1
562 1
570 1
775 1
58 1
308 0
652 0
812 1
339 0
813 0
230 1
389 0
92 1
509 0
935 1
18 1
534 0
351 0
750 0
554 1
524 0
38 1
466 0
963 1
558 0
555 1
868 0
924 0
210 1
556 1
860 1
220 0
386 0
483 1
42 0
196 1
728 1
490 0
349 0
681 0
432 0
732 0
12 1
828 1
560 0
54 1
787 0
697 0
191 1
886 0
532 1
847 1
49 1
524 0
601 0
556 0
235 1
890 1
604 0
346 1
108 1
382 1
185 0
782 1
843 0
495 1
12 1
967 0
593 1
997 0
943 1
505 1
888 1
670 1
10 1
223 0
673 1
863 0
373 1
96 1
363 0
180 1
39 0
725 0
417 1
384 1
287 0
852 0
462 1
55 0
92 1
89 1
992 1
254 0
801 1
532 0
930 1
421 0
739 1
900 1
470 0
706 1
473 0
249 1
141 0
261 0
786 1
973 0
899 0
282 0
428 0
86 0
604 1
354 1
298 1
95 1
512 0
101 1
402 1
599 1
631 0
309 1
44 1
661 0
164 0
230 1
397 0
996 0
327 0
724 1
480 0
46 0
720 0
263 1
700 1
755 1
16 0
761 0
89 0
146 0
78 1
54 1
832 1
798 0
75 1
746 0
389 0
466 0
142 1
301 0
373 1
438 0
192 1
661 1
831 1
265 1
676 1
11 1
805 0
105 0
398 0
95 1
474 1
972 1
24 0
255 1
128 0
976 1
266 0
804 0
954 1
385 0
739 0
811 1
206 0
781 1
912 0
962 0
918 0
706 1
718 1
299 0
131 0
520 1
60 0
894 0
832 0
483 0
242 1
4 0
172 1
637 1
371 1
597 1
928 1
776 1
374 1
308 1
378 0
533 1
38 1
671 1
661 0
836 1
577 1
148 1
489 0
51 0
289 1
516 0
336 0
841 0
468 0
803 1
482 0
627 1
32 1
57 0
271 1
229 0
385 1
354 1
395 0
120 1
985 1
262 1
864 0
752 1
507 1
530 0
773 0
618 0
916 1
551 0
196 1
658 1
182 0
585 1
791 1
575 1
227 1
63 0
569 1
983 1
598 0
758 1
322 1
372 0
118 0
901 0
834 0
705 0
200 1
734 1
474 0
737 0
275 0
580 0
775 1
599 0
269 0
165 0
660 0
190 1
677 1
719 1
291 0
898 1
258 0
494 0
594 1
920 1
926 1
679 0
686 1
280 1
224 1
914 1
748 0
205 1
145 1
45 0
865 1
865 1
800 1
812 1
84 1
66 0
96 0
221 0
157 1
513 1
845 0
344 0
752 0
755 1
353 1
123 1
823 0
349 0
813 1
956 1
857 0
654 1
715 1
43 0
382 0
836 1
960 0
976 0
227 1
366 0
630 0
275 1
530 0
380 1
785 1
11 1
228 0
982 1
317 1
877 0
183 0
692 0
239 1
96 0
271 1
329 1
968 0
153 0
430 1
944 1
103 1
275 1
445 1
10 0
246 0
211 1
839 0
102 1
737 1
303 0
756 1
352 0
237 0
241 1
180 1
725 0
909 1
764 0
372 1
983 1
843 1
925 0
406 0
768 1
43 0
109 1
102 1
794 0
238 0
590 1
253 0
462 0
353 0
612 0
97 0
877 0
818 1
130 0
74 0
993 1
349 1
30 1
719 1
265 1
179 1
498 1
108 1
761 0
478 0
313 0
427 0
309 1
899 0
584 0
964 0
20 1
964 0
786 1
193 1
540 0
807 1
825 1
399 0
632 1
864 1
5 1
825 0
968 1
793 0
886 1
500 1
186 0
55 0
515 1
608 1
387 1
359 1
515 0
137 1
837 0
918 0
675 0
932 1
383 1
23 1
844 1
816 1
647 1
28 0
208 0
518 1
964 0
932 1
78 1
430 1
34 0
202 1
305 0
738 0
605 1
435 1
564 0
873 0
377 1
755 1
252 0
476 1
287 0
355 1
160 1
801 1
248 0
171 1
156 0
667 1
856 0
857 1
514 0
191 0
155 0
314 1
7 1
810 1
585 0
521 0
709 1
116 0
961 1
720 1
314 0
524 1
808 0
670 1
11 0
962 1
795 1
728 1
840 0
186 0
931 0
242 0
689 1
786 1
663 1
895 0
32 0
942 0
71 0
587 0
659 1
906 0
879 1
506 0
807 1
668 1
490 0
52 0
673 0
382 0
950 1
957 0
587 0
431 0
902 1
607 0
194 1
486 1
633 1
536 0
795 1
261 1
36 0
973 0
182 1
142 0
952 1
788 1
918 0
821 0
311 0
773 1
942 1
359 1
622 0
0 0
723 0
370 0
878 1
441 0
287 1
716 1
42 1
717 1
421 1
141 1
436 1
204 1
71 1
644 0
821 1
901 0
817 0
742 0
267 1
203 1
606 0
132 1
962 0
796 0
489 0
390 1
768 0
941 1
806 1
992 1
181 0
864 1
321 0
41 1
858 0
926 0
719 1
771 1
28 0
631 0
698 0
738 1
214 1
598 1
549 1
653 1
790 1
198 0
964 1
844 0
562 1
600 0
102 0
537 0
149 0
637 0
162 1
810 0
1 1
393 0
589 1
709 1
652 1
795 0
875 1
569 0
466 0
346 1
421 1
457 0
282 0
825 1
185 0
789 0
648 0
42 1
362 0
376 0
408 0
607 0
317 0
543 0
66 0
662 0
838 1
492 1
597 0
229 0
889 0
386 0
582 1
422 0
553 1
679 0
689 1
904 0
173 0
224 1
669 1
861 0
415 0
470 1
182 1
132 0
500 0
44 0
962 1
780 1
811 1
919 0
701 1
969 1
860 1
695 0
750 1
721 1
289 0
576 0
400 1
87 0
568 0
337 1
171 1
241 0
569 0
4 0
164 1
519 1
749 0
292 1
227 0
990 1
158 0
520 1
113 0
437 1
706 1
226 0
258 0
17 0
487 1
279 0
503 0
401 1
12 1
444 0
564 1
422 0
44 0
60 1
465 0
108 0
493 1
66 1
161 0
752 0
150 1
555 1
184 0
37 1
968 1
954 0
913 1
8 1
160 1
725 0
169 0
498 1
874 0
873 0
626 0
661 1
751 1
135 1
32 0
83 0
955 1
146 1
971 1
571 1
618 1
622 1
868 1
115 0
302 1
149 0
399 0
880 1
78 0
562 0
571 1
201 0
315 0
902 1
679 1
994 1
129 0
553 1
419 1
273 0
522 1
44 0
104 0
616 1
43 1
999 1
921 1
13 0
912 1
222 0
124 0
280 1
289 0
677 1
940 1
730 1
48 0
711 1
62 1
498 0
960 0
749 1
618 0
539 1
575 1
923 0
555 1
475 1
805 1
505 1
49 1
811 1
954 0
240 1
516 1
116 1
100 1
213 0
289 0
228 0
525 0
782 1
740 1
588 1
284 0
207 1
179 1
183 0
227 0
724 1
586 0
721 1
594 0
50 1
369 1
683 0
726 1
820 0
932 0
305 1
313 0
162 0
435 1
602 1
840 1
929 1
380 0
91 1
732 1
779 0
250 1
350 0
123 0
442 0
411 1
351 0
741 1
883 0
110 0
574 1
418 1
553 0
565 0
681 1
640 1
177 1
882 0
912 0
105 1
944 1
318 1
799 1
365 1
993 0
11 0
987 0
969 0
350 0
744 1
493 0
632 1
750 1
801 1
845 1
969 0
428 1
172 0
663 0
147 0
209 0
63 1
938 1
474 0
32 0
233 1
73 1
691 1
220 1
680 0
682 1
812 1
445 1
855 0
714 0
310 1
978 0
570 1
380 0
417 0
506 0
59 1
690 1
246 0
113 1
527 0
204 1
888 1
99 1
70 0
878 1
415 0
482 1
608 0
147 1
696 1
426 0
258 1
660 1
268 1
786 0
967 1
158 1
218 0
554 1
174 0
578 1
460 0
854 1
831 0
908 1
201 1
523 0
86 1
443 1
273 1
244 1
904 0
337 0
806 1
367 0
200 1
80 0
13 1
35 1
622 0
819 1
547 0
422 0
746 0
444 0
474 0
709 1
735 1
861 0
36 1
785 1
624 0
428 1
718 1
48 1
497 1
320 0
615 1
2 0
78 0
446 0
321 0
76 0
39 1
542 1
899 1
761 1
688 1
997 0
213 1
957 0
544 0
935 0
701 0
956 0
870 1
38 1
301 1
549 0
414 0
16 0
366 1
726 0
172 0
791 0
713 0
554 0
810 1
50 0
303 1
316 0
80 0
642 0
847 0
258 1
940 1
46 1
471 0
849 1
91 0
564 1
563 0
706 0
959 1
507 1
494 0
837 0
446 0
488 1
661 0
296 1
941 1
426 0
646 0
699 1
697 0
573 1
740 1
912 0
822 0
660 0
543 1
839 0
623 0
757 1
238 0
161 0
436 0
50 0
763 1
77 0
689 0
533 1
547 0
380 1
877 1
537 0
935 0
218 1
680 0
611 1
461 0
700 0
989 1
884 0
795 1
954 1
125 1
652 0
121 0
895 1
496 1
22 0
472 1
31 0
808 1
70 0
790 1
209 0
598 0
835 1
872 1
522 1
447 1
72 1
263 1
303 1
52 0
264 0
522 0
200 1
918 0
846 1
231 0
360 1
868 1
146 1
859 1
77 0
202 0
88 1
244 0
959 1
738 1
633 0
908 1
161 1
896 0
349 0
151 1
192 0
124 0
79 1
570 0
842 1
82 0
307 0
426 0
478 1
268 0
87 0
762 0
565 1
585 1
839 1
997 1
142 0
306 0
958 1
651 0
496 1
557 1
555 1
900 0
441 1
669 1
168 1
264 1
196 1
839 1
490 0
2 0
642 0
901 0
939 0
958 0
347 0
133 0
546 1
825 1
187 0
960 0
940 0
716 0
343 0
492 1
10 1
721 0
24 0
427 1
835 1
52 1
261 1
794 0
138 1
525 0
713 0
380 0
154 0
7 0
949 1
316 0
94 0
342 1
326 0
380 1
45 0
693 1
494 0
429 1
900 1
185 0
802 1
993 1
145 1
541 1
183 0
346 1
421 0
552 0
367 1
660 0
182 0
637 0
630 0
696 1
300 1
985 0
306 0
38 0
582 0
309 1
449 0
301 0
752 1
77 0
508 0
256 1
523 1
804 0
720 0
559 0
399 0
804 0
195 0
697 0
568 0
564 1
451 0
217 1
324 1
211 1
497 0
404 1
475 1
989 1
341 0
646 1
71 0
730 1
228 1
211 0
6 0
670 1
306 0
915 1
59 0
52 0
459 1
811 1
667 1
836 1
757 0
729 0
691 1
880 0
98 0
953 1
506 1
23 1
670 1
940 1
511 1
386 1
866 1
958 0
691 0
196 0
286 1
273 0
390 1
369 1
388 0
70 0
755 1
454 1
289 1
851 0
577 0
596 1
733 1
579 0
221 0
961 0
326 0
659 0
712 0
498 1
904 0
299 0
70 0
171 0
216 0
374 0
719 1
638 0
777 0
759 0
573 0
25 0
674 0
916 0
725 0
948 0
74 0
489 1
794 0
751 0
820 0
332 0
575 1
552 1
754 1
637 1
279 0
593 0
901 0
42 0
621 1
929 0
697 0
131 1
99 1
959 0
813 0
467 0
720 0
107 1
774 1
53 1
447 0
66 1
99 1
932 1
829 1
988 0
341 0
346 0
101 0
620 1
487 0
824 1
231 0
453 1
11 1
828 1
763 0
899 1
555 1
126 1
251 1
930 0
599 0
902 0
508 0
88 1
22 0
23 1
869 1
350 1
120 0
343 0
867 0
490 0
84 1
987 0
491 0
545 0
656 1
485 0
62 1
43 1
363 0
573 1
237 0
982 1
565 0
329 1
852 1
783 0
523 0
729 1
453 0
254 1
244 1
571 1
758 0
843 1
621 0
212 1
425 1
836 1
160 0
891 1
388 0
997 0
275 0
33 0
860 0
685 1
963 0
684 0
698 0
199 0
165 1
720 0
25 1
935 1
867 0
4 1
862 0
22 0
41 1
51 1
35 1
435 0
20 0
420 1
193 1
170 0
66 1
341 0
513 0
278 0
985 0
636 0
274 1
31 1
824 1
949 0
122 1
321 0
731 0
37 1
506 0
889 1
715 1
645 1
453 1
316 0
241 0
428 0
934 0
983 1
788 1
918 0
118 0
198 0
574 0
853 1
603 1
67 0
569 1
62 1
781 0
620 0
41 1
414 0
117 0
474 0
935 0
185 0
918 1
409 0
424 0
371 0
418 1
307 0
715 0
562 1
327 1
653 0
351 1
16 1
314 1
125 0
244 1
182 1
465 1
114 0
335 0
654 1
833 0
552 0
463 0
519 1
629 1
299 1
914 1
340 0
986 1
707 1
442 1
940 1
502 0
496 1
338 0
4 1
768 1
720 1
982 1
629 0
168 1
606 1
187 1
50 0
209 0
485 0
233 1
99 0
92 1
548 1
260 0
160 1
5 1
178 0
970 0
791 1
615 1
760 1
127 0
121 0
822 0
55 1
772 1
678 0
692 0
870 0
397 1
84 0
443 1
102 1
579 0
732 1
825 1
636 1
89 0
611 0
510 1
441 1
227 0
899 0
624 0
812 0
814 1
638 1
589 0
9 1
674 0
138 1
981 1
562 0
662 1
884 0
787 0
837 1
716 1
796 0
903 1
63 0
639 0
724 0
870 0
824 1
279 0
875 0
573 1
71 0
152 0
567 0
453 1
278 1
484 0
458 0
922 1
23 0
195 1
647 0
18 0
481 1
532 1
615 1
487 1
664 0
678 0
849 0
515 1
955 1
377 1
533 0
813 0
373 1
711 1
861 1
448 1
571 1
653 1
783 1
663 1
430 1
1 0
555 0
560 0
609 0
843 1
574 0
812 0
906 0
47 1
985 0
770 0
716 1
435 0
112 0
37 0
50 1
276 1
177 0
924 1
118 1
8 0
762 1
412 1
201 1
20 1
744 1
535 1
110 0
236 0
833 0
519 1
974 0
309 1
176 0
711 0
124 0
461 1
54 0
696 1
183 0
598 1
99 0
377 0
984 0
37 0
726 1
176 1
15 0
614 0
143 1
658 0
412 0
603 1
796 1
958 1
581 1
997 1
509 0
63 1
234 0
685 1
517 1
845 1
621 1
570 0
517 1
39 1
261 1
433 1
223 1
565 1
823 0
429 1
12 1
966 0
566 0
115 1
42 1
657 1
947 1
378 0
542 0
649 0
158 1
860 1
495 0
284 0
381 0
318 1
868 0
32 0
243 0
741 1
162 1
399 1
844 0
931 1
328 1
181 1
778 0
136 0
218 1
191 0
873 0
127 0
892 1
274 0
57 0
779 1
586 0
748 1
335 0
243 0
648 1
451 1
813 1
21 1
454 0
435 0
478 0
439 1
612 1
334 1
998 0
415 1
276 0
818 1
276 1
635 0
677 0
852 1
853 0
209 0
462 1
975 0
134 0
309 0
92 0
519 0
448 1
905 1
929 0
211 1
914 0
285 1
1 0
645 0
512 0
442 0
835 0
162 1
137 0
465 0
27 1
190 1
247 1
807 0
491 0
428 0
100 0
84 1
130 1
924 0
226 1
977 0
513 1
800 0
824 1
889 1
381 0
990 0
806 0
545 0
806 1
816 1
198 0
359 1
581 1
957 0
915 0
697 1
761 0
717 0
917 0
615 0
951 0
581 0
584 1
918 1
613 1
602 1
546 0
5 0
973 1
487 0
958 1
227 1
637 1
609 0
443 1
941 1
861 1
0 1
803 1
135 0
222 1
656 0
872 1
108 0
859 0
747 1
455 0
598 1
490 0
550 0
759 1
177 1
464 1
964 0
761 0
10 1
364 1
201 1
899 0
815 0
620 1
935 0
812 1
764 1
202 1
37 0
134 1
973 1
316 1
812 0
267 1
241 0
674 0
370 0
239 0
74 0
518 0
49 0
443 0
77 1
758 1
599 1
877 1
12 0
238 1
585 1
753 1
538 0
463 1
90 0
741 1
341 1
981 1
384 0
186 0
723 0
237 1
773 0
530 1
104 1
911 1
956 1
529 1
239 1
916 0
914 1
412 1
953 1
214 1
174 1
393 1
682 0
568 1
292 0
643 0
895 0
273 0
623 0
528 0
888 0
27 0
13 1
382 0
503 0
298 0
523 1
444 0
639 0
670 1
253 1
281 1
847 1
724 0
193 1
442 1
527 0
599 0
336 1
969 1
254 0
631 0
956 1
802 0
533 1
29 0
307 1
101 1
55 0
160 0
379 0
143 0
239 1
142 0
803 1
306 0
144 0
724 0
971 1
488 0
503 0
950 1
803 1
411 1
197 1
180 1
532 0
326 1
530 0
359 0
8 1
145 0
334 0
256 0
350 0
380 0
303 1
357 0
485 1
357 0
869 1
994 1
900 0
567 0
742 0
721 0
982 0
987 1
755 1
207 0
12 0
280 1
619 1
254 0
985 1
887 0
739 1
150 0
397 1
93 0
699 0
732 1
133 1
396 0
798 1
789 0
503 0
632 0
494 1
722 1
936 0
507 0
906 0
790 0
691 1
570 1
183 0
51 0
729 0
527 1
432 0
560 0
292 0
944 0
259 1
323 0
106 0
708 1
800 1
165 0
716 0
188 1
676 1
108 0
759 1
645 0
502 0
362 0
791 0
251 0
685 1
27 1
449 0
438 0
874 0
896 0
305 0
354 0
216 1
584 1
22 1
71 1
867 1
881 1
874 0
862 0
276 1
845 1
81 0
104 1
179 1
506 0
673 1
703 1
170 0
903 0
229 0
336 0
745 0
493 0
593 1
749 0
813 0
339 1
230 1
320 1
181 1
58 0
172 1
954 0
547 1
845 1
122 1
754 1
860 0
656 1
406 0
405 1
227 0
211 0
713 1
771 0
23 0
437 0
747 0
459 0
825 0
798 0
238 0
381 0
11 1
596 1
999 1
237 0
19 0
505 0
488 0
885 0
457 0
688 0
764 0
235 1
26 0
240 0
839 0
24 0
829 0
956 0
98 0
508 0
949 1
371 1
160 1
136 1
812 0
584 1
741 0
206 1
682 1
447 1
802 1
137 0
516 0
285 1
432 0
65 1
390 1
534 1
19 1
972 1
427 0
12 0
401 1
229 0
741 0
949 1
790 0
755 0
40 0
352 0
149 1
42 1
95 0
251 0
167 0
851 0
989 1
575 0
694 1
343 1
535 0
895 1
504 0
672 0
960 1
698 1
757 1
142 0
554 1
656 0
736 0
687 0
13 1
189 0
31 0
112 0
201 0
897 1
894 1
740 0
672 1
147 0
679 0
435 1
163 0
70 1
973 1
645 1
657 1
261 0
7 0
161 0
794 0
835 0
896 0
595 0
982 0
553 0
830 0
7 0
15 1
636 0
817 1
776 0
441 1
798 0
267 1
586 0
40 1
195 1
350 1
962 1
191 1
912 0
210 0
848 1
48 0
954 0
326 1
409 1
105 1
732 1
359 1
527 1
488 0
885 1
222 1
651 0
641 0
244 0
313 0
17 0
182 1
157 1
217 0
711 0
827 0
192 1
820 1
9 0
22 1
639 1
348 1
868 1
652 0
308 1
619 0
278 1
103 0
425 0
982 1
103 1
262 1
150 0
775 0
174 0
939 0
445 0
63 0
861 1
569 1
121 0
51 0
275 1
273 1
904 1
387 0
686 0
257 0
660 0
31 1
191 1
676 0
865 1
529 0
66 1
192 1
925 0
685 1
436 0
223 1
822 1
359 0
757 0
680 1
920 0
245 0
566 0
474 0
365 1
522 1
812 0
626 0
147 0
208 1
175 1
188 1
282 1
363 0
308 0
430 1
411 1
385 1
216 0
176 0
913 0
292 1
327 1
197 0
908 1
258 1
145 1
463 1
557 1
471 1
112 1
979 1
253 0
856 1
767 1
491 1
676 1
511 1
269 1
87 0
482 0
316 0
96 1
562 1
365 1
988 0
212 1
808 1
942 1
605 1
613 1
914 1
813 0
25 1
285 1
111 1
465 0
581 1
823 0
375 1
90 1
174 0
663 1
631 1
857 0
33 1
539 1
597 1
486 0
408 1
122 0
608 0
873 0
145 1
56 1
671 1
775 0
975 0
262 0
699 0
175 0
599 1
76 1
448 0
563 1
224 1
193 0
896 1
246 1
793 0
408 0
599 1
505 1
972 1
472 0
770 0
434 1
510 1
868 1
754 1
413 0
258 0
191 1
368 1
115 1
558 0
747 1
462 0
896 1
122 1
125 1
604 1
700 0
745 0
348 0
741 0
989 0
304 1
252 1
484 1
691 0
34 0
857 1
616 1
567 1
219 0
829 1
76 1
460 1
449 0
147 1
313 1
997 0
898 0
763 0
700 0
981 1
676 0
239 0
306 1
753 0
625 0
695 0
223 1
657 1
571 1
663 1
287 0
519 1
499 0
699 0
71 0
932 1
603 0
718 1
915 0
783 0
465 1
697 0
216 0
137 0
731 1
573 1
608 0
39 0
63 1
83 0
228 0
181 0
959 0
428 0
62 1
978 1
489 1
185 1
470 1
817 0
191 1
740 0
158 1
550 1
60 1
975 0
437 0
149 0
743 1
759 0
584 0
759 0
236 1
508 0
278 1
535 0
10 0
135 1
255 0
586 1
15 0
450 0
558 1
477 1
720 0
112 0
838 1
741 1
136 1
534 0
398 0
856 0
264 0
459 0
309 0
748 1
538 0
341 0
770 0
576 1
513 0
4 0
516 1
518 1
462 0
174 0
222 0
470 0
453 1
999 1
193 0
702 0
162 1
592 0
117 1
176 1
940 0
504 0
735 0
433 1
382 0
471 0
257 0
464 0
995 0
41 1
224 1
793 0
149 0
452 1
798 1
924 0
462 0
226 0
202 1
268 0
745 0
61 0
875 0
402 1
364 0
893 0
33 0
353 1
405 1
52 0
548 1
646 0
820 0
540 0
215 0
75 0
583 0
510 1
958 1
749 0
841 0
159 0
538 0
218 0
50 1
154 0
633 0
662 1
544 0
663 0
220 0
976 1
346 1
371 0
177 0
469 1
621 0
264 1
982 1
503 0
929 1
234 0
517 0
339 1
840 1
1 0
115 0
197 1
610 1
449 0
219 1
930 0
836 0
707 0
908 1
533 0
634 1
745 1
796 0
266 1
874 1
568 0
807 0
117 0
162 0
341 1
844 0
849 0
856 1
998 1
339 0
111 0
320 0
155 0
463 1
482 1
178 0
900 0
996 1
485 1
432 0
973 1
411 0
163 0
434 0
557 0
713 1
23 1
882 0
791 1
853 0
36 1
868 0
304 0
481 0
126 0
266 1
975 1
117 1
478 1
845 0
751 0
226 1
702 0
22 0
543 0
119 1
97 1
487 0
570 0
867 0
470 0
837 1
844 1
274 1
58 0
713 1
361 0
358 0
130 0
122 1
194 1
351 0
53 1
245 0
157 1
159 1
679 1
237 1
428 1
307 1
11 1
872 1
482 1
143 1
739 0
455 1
653 1
418 0
815 0
777 1
759 1
843 1
902 0
872 1
282 0
356 1
230 0
752 1
443 1
958 0
763 1
981 1
335 1
280 1
677 0
348 1
994 1
582 0
143 1
500 1
760 1
21 0
906 1
385 0
281 0
478 0
175 0
590 0
124 1
420 0
559 0
787 0
532 1
318 0
989 0
956 0
455 0
778 1
988 0
924 1
224 1
992 0
508 0
590 1
54 0
480 0
751 1
770 0
817 0
37 0
917 0
534 0
36 1
264 0
9 1
766 1
195 0
885 1
210 0
533 0
464 0
804 0
235 0
728 1
163 0
918 1
398 1
318 0
308 0
427 1
790 1
650 1
162 1
945 0
159 0
205 0
400 0
427 0
306 0
450 1
508 1
489 1
91 0
218 0
230 0
634 0
852 1
114 0
614 1
320 0
818 1
30 1
812 1
487 0
23 0
251 0
458 0
315 1
233 1
87 1
463 1
183 0
341 0
720 0
984 1
476 1
647 0
73 0
929 0
502 1
669 0
329 1
266 0
88 0
534 1
784 1
96 0
960 1
533 1
425 1
888 1
536 0
636 1
151 1
825 1
506 1
288 0
245 0
0 1
163 0
890 0
650 1
141 1
949 0
491 1
219 1
844 0
313 1
851 1
339 0
392 1
343 0
704 1
759 1
925 0
57 1
567 0
471 1
384 1
140 0
708 1
491 0
444 0
303 0
622 0
966 1
611 1
197 1
873 1
825 0
215 1
935 1
6 1
584 0
560 1
244 0
980 0
156 0
196 0
501 0
679 1
627 1
593 1
392 0
976 0
334 0
601 1
760 1
212 0
418 0
465 0
221 1
120 1
495 0
93 0
989 0
627 0
350 1
365 0
412 0
439 0
267 1
298 1
572 1
8 1
324 1
469 1
86 1
73 0
518 0
598 1
532 1
141 0
563 1
157 1
203 0
30 0
661 0
48 0
530 1
686 0
318 0
922 0
16 1
237 1
531 0
220 0
80 0
516 0
818 0
914 0
597 1
341 1
856 1
896 0
747 1
28 0
222 0
917 1
742 0
834 1
325 0
239 0
407 1
952 0
319 1
533 1
759 1
930 1
709 0
113 0
822 0
240 1
723 1
579 0
51 1
641 0
410 1
292 1
91 1
92 0
661 0
120 0
39 1
746 0
176 1
95 0
168 0
833 1
395 1
877 1
733 0
714 0
122 1
623 0
67 1
482 1
105 1
306 1
787 1
804 1
733 0
736 1
483 1
284 1
956 0
650 1
332 0
224 1
790 1
437 0
567 1
874 1
592 0
859 1
165 0
200 0
471 0
155 0
203 1
874 0
18 0
811 0
343 1
834 1
946 1
269 0
222 1
643 0
576 0
108 0
692 0
367 0
523 0
388 0
665 1
875 0
401 0
728 0
475 0
528 1
584 1
979 0
301 1
27 1
725 1
350 1
552 0
473 1
84 0
396 0
412 0
380 1
925 0
685 0
902 0
989 0
124 0
799 0
587 1
887 1
201 1
732 0
887 1
590 0
351 1
878 0
538 0
83 1
204 0
976 1
952 1
503 1
572 1
721 1
880 1
641 0
738 0
287 0
834 0
567 1
325 0
848 1
17 1
0 1
631 1
203 0
610 0
815 0
815 1
68 0
852 0
56 1
378 1
86 1
500 0
342 0
129 0
473 0
926 1
844 0
751 0
47 1
36 0
620 1
26 0
839 1
303 0
243 1
234 0
711 0
334 1
938 0
459 1
864 1
153 0
127 1
644 0
541 0
739 1
996 0
146 1
797 1
378 0
523 0
556 1
880 1
463 1
551 0
140 0
724 1
28 0
672 0
886 1
735 1
267 0
593 1
347 1
954 1
337 0
337 0
107 1
620 0
404 1
596 1
337 1
232 0
963 0
407 0
490 0
325 1
213 0
969 0
358 1
472 0
361 1
446 0
67 0
946 0
623 1
187 0
791 0
129 1
426 0
2 1
688 1
333 0
663 0
347 1
226 1
365 0
558 1
928 0
507 0
779 1
130 0
372 1
633 1
81 1
292 1
919 1
164 1
863 1
698 1
929 1
300 0
374 0
18 0
194 1
736 1
101 0
508 1
664 0
756 0
43 1
956 1
797 1
56 1
99 1
230 0
605 1
127 0
718 0
365 0
258 0
605 0
85 1
993 1
698 1
678 1
357 1
247 1
345 1
352 1
433 1
346 1
545 1
329 1
811 0
750 0
390 0
578 0
657 1
605 1
954 1
878 1
885 0
635 0
288 0
506 1
86 1
593 1
875 1
672 0
238 0
623 1
660 0
256 0
537 0
667 1
32 0
736 0
810 0
56 1
12 0
670 0
938 1
5 1
723 1
810 1
318 1
367 0
425 0
376 1
84 0
983 1
475 0
362 1
620 1
985 0
888 1
855 0
811 0
754 0
783 1
245 0
348 0
268 0
567 1
693 0
644 1
432 1
406 0
503 0
534 0
759 1
71 0
24 0
165 1
680 1
693 1
223 1
956 0
610 0
836 0
411 0
891 1
841 0
671 0
689 1
46 0
882 1
216 1
269 0
107 0
699 0
62 0
796 0
752 1
378 1
947 0
397 1
875 0
933 0
984 1
924 0
582 1
608 0
218 0
814 1
369 1
400 0
722 0
111 1
108 0
161 1
646 0
968 0
41 0
875 0
128 1
569 0
906 1
723 1
637 0
174 0
539 1
735 0
870 1
88 1
381 1
538 0
196 1
614 0
269 1
291 1
456 0
122 1
88 1
377 1
332 1
158 0
678 1
767 1
994 0
415 0
796 1
43 1
661 1
853 0
566 1
540 0
141 1
726 1
465 1
934 1
359 1
272 1
562 0
686 0
46 0
196 0
775 0
500 0
521 0
378 0
643 1
900 1
787 0
900 0
697 0
995 0
908 1
352 0
886 1
61 1
634 0
269 0
8 0
338 0
368 1
98 0
421 0
787 1
16 1
767 1
625 1
683 0
39 1
692 1
410 1
528 1
814 0
218 0
68 1
1 1
161 0
298 1
274 0
331 1
598 1
115 1
922 0
221 0
290 1
261 1
685 1
900 1
978 0
345 0
698 1
371 1
981 0
708 1
386 1
456 1
182 1
26 0
122 0
502 0
605 1
803 1
183 0
790 1
404 1
691 1
534 0
28 0
944 0
978 0
365 0
542 1
808 1
945 0
211 1
271 1
549 1
306 1
150 1
692 0
589 0
916 0
388 0
429 1
567 0
333 0
46 1
956 1
688 1
689 0
120 1
782 0
293 1
769 1
505 0
629 0
932 0
798 0
960 0
297 0
750 1
502 1
727 0
299 1
500 1
964 1
392 1
517 0
10 1
744 1
564 0
381 1
108 0
637 1
340 0
900 1
184 1
641 1
855 0
774 1
869 0
718 0
186 0
970 1
426 1
683 1
774 1
359 1
886 1
848 0
293 1
747 0
894 1
423 0
754 1
872 0
212 0
467 1
500 0
213 1
505 0
815 0
773 0
354 1
879 0
223 0
244 0
109 1
983 1
325 0
923 0
823 0
982 1
689 0
15 1
499 0
356 1
336 0
821 1
506 0
88 0
518 0
476 0
287 0
429 1
564 0
675 1
765 0
164 1
221 1
45 1
30 1
259 1
219 0
278 1
663 1
755 0
291 1
880 1
533 1
113 1
508 0
198 0
376 1
462 1
257 1
133 1
715 1
8 1
492 0
763 0
972 1
28 1
141 0
898 0
231 0
704 0
691 0
146 1
340 0
338 0
1 1
376 0
771 0
509 1
0 0
901 1
505 1
90 0
349 1
807 1
284 1
968 1
415 1
318 1
871 1
772 1
212 1
683 1
892 1
65 1
540 1
905 0
227 0
974 0
616 1
754 1
324 0
224 1
354 1
162 0
712 0
679 1
213 1
88 1
499 0
290 0
361 1
673 1
65 0
962 1
511 0
727 1
429 0
934 0
272 1
61 1
203 1
798 1
717 0
813 1
746 1
69 1
402 1
631 0
539 0
189 1
163 0
235 0
190 1
699 0
328 1
993 1
784 1
836 0
861 1
991 0
755 0
419 1
495 1
371 1
311 1
121 1
778 0
626 1
399 1
658 0
424 1
595 0
946 1
367 1
168 1
774 0
780 1
526 1
609 1
639 1
389 0
488 0
745 1
795 0
606 1
536 1
92 1
993 1
568 1
223 0
761 1
781 0
494 1
108 0
310 1
849 1
889 1
451 1
453 0
151 1
141 1
20 0
399 1
527 0
176 0
684 1
45 1
897 1
840 0
938 0
309 1
536 1
485 0
197 0
154 0
660 0
124 1
751 0
671 0
784 1
958 1
250 0
591 0
151 1
784 1
126 1
13 0
766 1
278 1
341 0
423 0
403 0
593 0
510 0
549 1
23 1
737 0
29 0
342 1
640 1
91 0
372 0
820 0
103 0
642 0
789 0
908 0
583 0
521 0
648 0
168 0
120 0
809 1
918 0
419 1
129 1
778 1
127 0
428 1
246 1
149 1
986 0
916 1
914 0
435 1
279 1
257 1
914 0
895 1
18 1
504 0
503 0
235 0
54 0
441 1
113 0
766 0
447 0
364 0
149 0
924 1
677 1
224 1
209 0
562 1
770 1
147 0
468 0
331 0
839 0
909 0
440 0
909 1
444 0
527 0
569 0
964 1
270 0
607 0
943 0
942 1
72 0
996 1
228 1
66 0
682 1
856 1
514 1
278 1
159 0
264 1
230 0
642 0
479 1
218 1
29 0
169 1
717 1
985 0
756 1
81 0
722 0
55 1
602 0
147 1
726 1
520 1
383 1
484 0
860 0
233 0
571 1
342 1
804 0
374 0
969 0
376 1
273 0
826 1
787 0
663 1
939 1
209 1
593 1
259 1
881 0
690 0
103 1
863 1
537 0
242 0
178 0
318 0
650 1
211 1
305 1
119 0
684 0
788 1
54 1
699 0
542 0
32 1
944 0
34 0
811 1
152 1
133 0
814 1
401 0
694 1
106 0
633 0
531 0
197 0
434 1
3 0
26 0
482 1
966 0
339 0
820 0
84 0
484 0
83 0
479 1
518 0
15 1
864 1
411 1
586 1
443 0
864 0
742 1
438 0
21 1
480 1
323 0
507 0
765 0
695 0
813 1
735 0
706 0
484 1
714 0
767 1
486 0
90 1
536 0
595 0
677 0
580 1
562 1
436 1
400 1
964 1
157 1
908 0
934 1
679 0
534 0
249 1
63 0
993 1
74 0
488 0
792 1
566 0
23 0
130 1
27 1
246 0
630 1
704 0
964 0
947 1
504 1
168 1
937 0
973 1
528 0
412 0
964 1
846 1
855 0
576 1
652 1
700 0
408 1
558 0
254 0
507 0
533 1
906 0
847 1
612 1
401 1
727 1
97 0
309 0
457 1
436 1
926 0
507 0
750 0
730 0
340 0
367 1
996 0
785 1
527 0
267 1
988 0
610 1
4 1
342 0
47 1
790 1
560 1
544 1
597 0
818 1
583 1
513 0
685 0
656 1
347 0
463 0
459 1
185 1
635 1
374 1
848 1
20 1
156 1
501 1
712 1
839 1
774 1
701 0
18 1
585 1
955 1
589 1
21 0
836 0
579 1
986 1
786 1
916 1
88 0
558 0
301 1
9 1
190 0
312 1
884 0
443 1
531 1
693 0
326 0
301 0
75 1
717 0
280 1
136 0
197 1
921 1
919 1
636 1
489 0
592 0
131 0
541 1
166 0
155 0
172 0
450 0
12 1
777 1
880 0
833 1
255 0
630 1
518 1
418 0
245 1
358 1
149 0
531 1
860 1
242 0
225 1
464 0
429 0
107 1
953 0
458 1
746 1
150 1
543 0
841 0
865 1
456 1
311 0
275 0
620 0
77 0
307 0
180 0
224 1
155 0
403 1
336 1
556 0
695 1
891 0
693 0
565 1
524 0
852 1
239 0
79 1
415 0
778 1
613 1
247 0
586 1
171 0
119 0
312 1
700 1
386 1
726 1
422 0
694 1
561 0
288 0
70 1
939 0
743 0
255 1
375 1
765 1
588 1
259 1
900 1
812 1
421 1
166 0
436 1
148 1
897 0
750 1
294 1
54 1
367 0
975 1
617 0
119 1
877 1
860 0
655 1
957 0
21 0
589 1
69 1
260 1
457 0
453 1
21 1
811 0
568 0
605 1
421 1
975 1
9 1
559 1
95 0
54 1
580 0
867 1
237 1
454 1
232 1
251 0
981 0
199 1
725 0
185 0
881 0
378 1
474 1
624 1
184 1
660 1
516 1
107 0
108 1
451 1
632 1
75 0
594 0
11 0
365 1
970 1
273 0
74 1
419 1
613 1
565 1
443 1
704 0
918 1
762 1
923 1
450 1
624 1
853 1
394 1
538 1
491 0
429 1
463 1
79 1
304 1
923 0
398 0
374 1
745 0
870 0
480 1
321 0
207 0
527 1
878 0
291 1
534 1
700 0
882 0
977 1
512 0
706 0
687 1
335 1
955 0
663 1
287 0
423 0
869 1
538 0
877 1
703 1
373 1
461 1
964 0
594 0
171 0
503 0
218 0
528 1
292 1
187 1
743 0
934 0
22 1
71 0
363 0
6 0
110 0
944 1
315 1
328 1
768 1
87 1
765 1
676 1
721 0
126 1
965 0
927 1
657 0
566 0
112 1
152 1
567 0
464 1
362 1
23 1
293 1
528 1
869 0
851 0
369 0
278 1
10 1
261 1
229 1
93 1
592 1
491 0
105 0
564 0
521 0
125 0
477 1
49 1
76 1
199 0
626 1
211 0
360 0
386 1
379 0
836 1
734 1
50 0
865 1
184 1
560 0
120 0
88 1
457 1
569 0
239 1
619 1
992 1
378 0
803 0
986 1
412 0
998 1
294 0
597 1
708 1
323 0
489 0
38 0
137 1
184 1
797 1
786 0
572 1
93 1
679 1
472 1
535 0
226 1
570 0
349 0
530 0
864 1
429 1
907 1
830 0
579 1
915 1
157 1
244 1
752 0
985 0
219 1
506 1
392 1
369 1
520 1
561 0
567 1
192 0
423 0
838 0
489 1
762 0
354 1
926 0
615 0
144 1
20 1
104 0
336 1
407 1
498 0
707 0
56 1
465 0
570 0
300 1
606 0
920 1
735 0
15 1
750 1
581 0
232 0
921 0
213 0
572 1
450 1
745 0
855 0
908 1
975 0
362 0
201 1
554 1
770 0
533 0
809 1
750 0
357 1
185 0
745 1
436 0
846 1
890 0
347 0
494 0
878 1
98 0
739 1
518 1
560 1
765 1
945 1
821 0
244 0
927 1
394 1
127 1
796 1
165 0
715 1
553 1
491 0
590 0
495 0
975 0
646 0
905 0
670 0
384 1
868 1
82 0
370 1
910 0
249 1
246 0
631 1
285 1
155 1
247 1
888 1
781 1
107 0
271 1
243 1
281 1
641 0
796 1
382 0
351 0
149 1
558 0
128 0
266 1
851 1
815 0
831 0
30 0
145 0
116 0
241 0
524 1
108 0
605 1
495 0
947 0
530 1
434 1
111 0
404 1
985 0
700 1
875 1
728 1
720 0
485 1
802 1
902 0
830 0
320 1
206 1
444 0
172 0
829 1
127 1
912 1
406 1
867 0
65 0
696 0
393 1
195 1
500 0
803 1
967 1
303 1
999 1
282 0
403 1
802 0
618 0
119 0
390 1
326 1
478 1
726 1
312 1
958 0
530 0
995 1
707 0
351 1
204 1
382 0
670 0
993 0
942 1
97 0
548 1
385 0
220 0
731 1
111 1
264 0
661 0
911 0
482 1
546 0
295 0
665 1
490 0
866 0
819 1
706 0
739 1
245 0
324 0
269 0
43 1
569 0
632 1
969 0
741 1
481 1
940 1
295 1
653 1
123 0
490 0
417 0
148 0
373 1
809 1
335 1
117 0
302 0
755 0
882 1
355 0
995 1
237 1
480 0
900 1
933 1
183 0
255 1
29 1
716 1
338 1
792 1
45 0
71 0
215 0
17 0
201 0
741 0
227 1
964 1
993 0
72 1
851 0
734 1
943 1
249 0
184 1
571 1
851 1
436 0
146 0
79 0
571 0
19 0
493 1
939 0
620 0
936 0
288 0
724 1
971 0
101 0
720 0
36 1
935 1
353 1
784 1
487 1
616 1
545 1
257 0
679 0
189 0
154 0
313 1
562 0
937 0
135 1
269 1
776 1
799 1
13 1
32 1
57 0
645 0
46 1
8 1
517 1
453 1
872 0
969 0
535 0
613 0
316 1
402 0
890 1
694 1
732 0
133 1
263 1
700 0
284 0
749 1
45 0
917 0
10 1
504 0
57 1
771 1
614 0
14 1
443 0
992 1
380 0
955 1
615 1
833 1
405 0
740 1
285 1
307 1
696 1
127 0
812 0
496 0
651 1
128 1
575 1
611 1
142 1
824 0
288 1
63 0
279 1
669 0
145 1
714 0
570 1
122 0
178 0
502 0
861 1
442 0
395 0
632 0
572 0
69 0
689 1
236 0
945 0
302 1
363 1
328 1
664 1
966 1
771 1
226 1
779 1
758 1
572 1
75 1
419 0
959 0
719 1
100 1
528 1
738 1
779 0
191 1
661 1
368 1
797 1
466 1
625 1
541 0
183 1
602 1
26 1
943 1
418 1
246 0
428 1
137 1
385 1
431 1
858 1
764 1
840 0
528 0
803 1
436 0
564 1
87 1
845 0
649 1
430 1
247 1
898 0
507 0
233 0
524 0
205 0
94 1
34 0
844 1
112 0
459 1
707 0
380 0
211 1
776 0
722 1
377 1
571 1
658 1
7 1
809 0
149 1
821 1
47 0
172 1
593 1
47 1
848 1
956 0
143 1
231 1
84 1
368 0
905 1
705 1
903 1
852 0
119 1
756 0
350 1
424 0
505 1
110 1
889 1
763 0
950 0
193 1
393 0
992 0
156 0
167 0
310 1
462 1
239 1
678 1
332 1
756 0
721 1
782 0
571 0
147 0
387 1
509 0
606 1
715 0
725 1
744 0
885 0
484 1
798 0
288 1
690 1
323 0
991 0
373 0
946 0
728 1
887 0
449 1
414 1
130 1
267 0
961 1
345 1
818 1
709 0
123 0
481 1
232 0
575 1
206 1
883 0
257 0
769 0
467 0
