100 100 100
894 1
9 1
826 1
201 0
650 1
128 1
666 1
160 0
618 0
928 0
727 0
250 1
875 0
217 1
273 1
488 0
387 1
610 1
296 1
791 1
144 1
96 1
901 1
754 1
31 0
338 0
913 1
351 0
268 1
674 0
385 1
471 1
115 0
917 1
343 1
929 0
553 0
96 1
413 0
793 0
832 1
418 0
422 0
0 0
415 1
73 0
152 1
56 1
73 1
279 1
808 1
818 1
872 0
83 1
114 0
698 1
409 1
848 1
82 0
246 1
979 1
948 1
943 1
513 0
723 1
625 1
562 0
862 0
250 0
654 1
252 0
115 0
345 1
645 1
600 0
531 0
755 0
657 0
903 1
188 1
696 0
794 0
349 1
241 1
139 1
257 1
305 0
154 1
630 1
462 1
112 0
73 1
905 1
716 0
696 0
755 1
695 0
193 1
531 0
872 0
