1000 100 100
894 1
9 1
826 1
201 0
650 1
128 1
666 1
160 0
618 0
928 0
727 0
250 1
875 0
217 1
273 1
488 0
387 1
610 1
296 1
791 1
144 1
96 1
901 1
754 1
31 0
338 0
913 1
351 0
268 1
674 0
385 1
471 1
115 0
917 1
343 1
929 0
553 0
96 1
413 0
793 0
832 1
418 0
422 0
0 0
415 1
73 0
152 1
56 1
73 1
279 1
808 1
818 1
872 0
83 1
114 0
698 1
409 1
848 1
82 0
246 1
979 1
948 1
943 1
513 0
723 1
625 1
562 0
862 0
250 0
654 1
252 0
115 0
345 1
645 1
600 0
531 0
755 0
657 0
903 1
188 1
696 0
794 0
349 1
241 1
139 1
257 1
305 0
154 1
630 1
462 1
112 0
73 1
905 1
716 0
696 0
755 1
695 0
193 1
531 0
872 0
132 1
829 0
419 0
388 1
510 1
698 0
4 0
512 0
585 1
905 0
131 0
497 0
451 0
592 0
176 0
332 1
714 1
64 1
271 0
695 1
621 0
617 1
741 0
865 0
636 1
448 0
232 0
931 1
410 0
126 1
835 0
437 1
314 0
92 0
13 0
81 1
48 1
925 1
512 0
101 1
816 0
92 1
698 0
181 0
701 1
780 0
699 0
951 0
643 0
47 1
463 1
344 0
506 1
717 1
909 0
806 0
513 0
65 1
112 0
936 0
400 1
529 1
5 0
175 0
715 0
268 1
482 0
743 0
551 1
725 0
44 0
523 0
84 1
707 1
59 1
159 1
554 1
341 0
878 0
384 1
648 0
397 1
364 0
257 0
120 1
103 1
418 0
754 1
289 0
80 1
339 1
557 1
371 0
220 1
918 1
682 1
480 0
372 1
466 0
592 1
706 0
989 1
786 1
288 1
564 1
300 0
31 0
509 0
366 0
182 0
954 0
939 1
42 0
352 1
717 0
26 1
316 1
322 0
613 1
735 0
976 1
980 0
689 1
728 1
736 1
805 1
339 0
168 1
440 0
456 1
896 1
750 1
795 0
65 1
800 0
334 0
616 1
55 0
749 0
535 1
803 0
163 1
686 0
739 0
63 0
776 1
124 0
303 1
961 1
435 1
887 1
599 1
107 0
705 0
746 1
401 1
394 0
276 0
420 0
594 0
744 1
860 0
606 1
515 1
428 1
150 1
831 1
922 0
526 1
776 0
215 0
577 1
331 1
749 0
958 1
369 1
640 1
17 1
380 1
776 0
879 1
569 0
168 1
877 0
98 0
886 1
533 0
235 1
605 1
140 0
563 1
271 1
136 1
111 1
159 1
660 0
526 1
432 1
410 1
203 0
127 1
224 0
124 1
885 1
874 1
473 1
660 0
377 1
356 1
160 1
20 1
552 1
787 1
21 0
472 1
481 0
892 0
301 0
153 0
479 0
235 0
105 1
163 0
282 0
286 1
520 0
775 0
220 0
495 0
571 1
939 0
934 1
468 0
998 0
844 1
788 1
213 0
143 1
241 0
875 1
398 0
729 0
985 0
808 1
700 1
808 0
402 0
189 0
981 0
634 1
209 0
0 0
910 0
676 1
660 1
512 1
201 1
830 0
814 1
235 1
829 0
77 0
889 1
839 0
172 1
760 1
601 1
457 0
159 1
823 1
158 0
976 0
946 1
406 1
658 1
522 1
401 0
437 0
975 1
931 1
98 0
164 0
928 0
640 1
340 1
540 0
172 0
970 0
586 0
675 1
134 0
554 0
7 1
451 1
703 1
526 0
396 1
390 1
562 1
570 1
775 1
58 1
308 0
652 0
812 1
339 0
813 0
230 1
389 0
92 1
509 0
935 1
18 1
534 0
351 0
750 0
554 1
524 0
38 1
466 0
963 1
558 0
555 1
868 0
924 0
210 1
556 1
860 1
220 0
386 0
483 1
42 0
196 1
728 1
490 0
349 0
681 0
432 0
732 0
12 1
828 1
560 0
54 1
787 0
697 0
191 1
886 0
532 1
847 1
49 1
524 0
601 0
556 0
235 1
890 1
604 0
346 1
108 1
382 1
185 0
782 1
843 0
495 1
12 1
967 0
593 1
997 0
943 1
505 1
888 1
670 1
10 1
223 0
673 1
863 0
373 1
96 1
363 0
180 1
39 0
725 0
417 1
384 1
287 0
852 0
462 1
55 0
92 1
89 1
992 1
254 0
801 1
532 0
930 1
421 0
739 1
900 1
470 0
706 1
473 0
249 1
141 0
261 0
786 1
973 0
899 0
282 0
428 0
86 0
604 1
354 1
298 1
95 1
512 0
101 1
402 1
599 1
631 0
309 1
44 1
661 0
164 0
230 1
397 0
996 0
327 0
724 1
480 0
46 0
720 0
263 1
700 1
755 1
16 0
761 0
89 0
146 0
78 1
54 1
832 1
798 0
75 1
746 0
389 0
466 0
142 1
301 0
373 1
438 0
192 1
661 1
831 1
265 1
676 1
11 1
805 0
105 0
398 0
95 1
474 1
972 1
24 0
255 1
128 0
976 1
266 0
804 0
954 1
385 0
739 0
811 1
206 0
781 1
912 0
962 0
918 0
706 1
718 1
299 0
131 0
520 1
60 0
894 0
832 0
483 0
242 1
4 0
172 1
637 1
371 1
597 1
928 1
776 1
374 1
308 1
378 0
533 1
38 1
671 1
661 0
836 1
577 1
148 1
489 0
51 0
289 1
516 0
336 0
841 0
468 0
803 1
482 0
627 1
32 1
57 0
271 1
229 0
385 1
354 1
395 0
120 1
985 1
262 1
864 0
752 1
507 1
530 0
773 0
618 0
916 1
551 0
196 1
658 1
182 0
585 1
791 1
575 1
227 1
63 0
569 1
983 1
598 0
758 1
322 1
372 0
118 0
901 0
834 0
705 0
200 1
734 1
474 0
737 0
275 0
580 0
775 1
599 0
269 0
165 0
660 0
190 1
677 1
719 1
291 0
898 1
258 0
494 0
594 1
920 1
926 1
679 0
686 1
280 1
224 1
914 1
748 0
205 1
145 1
45 0
865 1
865 1
800 1
812 1
84 1
66 0
96 0
221 0
157 1
513 1
845 0
344 0
752 0
755 1
353 1
123 1
823 0
349 0
813 1
956 1
857 0
654 1
715 1
43 0
382 0
836 1
960 0
976 0
227 1
366 0
630 0
275 1
530 0
380 1
785 1
11 1
228 0
982 1
317 1
877 0
183 0
692 0
239 1
96 0
271 1
329 1
968 0
153 0
430 1
944 1
103 1
275 1
445 1
10 0
246 0
211 1
839 0
102 1
737 1
303 0
756 1
352 0
237 0
241 1
180 1
725 0
909 1
764 0
372 1
983 1
843 1
925 0
406 0
768 1
43 0
109 1
102 1
794 0
238 0
590 1
253 0
462 0
353 0
612 0
97 0
877 0
818 1
130 0
74 0
993 1
349 1
30 1
719 1
265 1
179 1
498 1
108 1
761 0
478 0
313 0
427 0
309 1
899 0
584 0
964 0
20 1
964 0
786 1
193 1
540 0
807 1
825 1
399 0
632 1
864 1
5 1
825 0
968 1
793 0
886 1
500 1
186 0
55 0
515 1
608 1
387 1
359 1
515 0
137 1
837 0
918 0
675 0
932 1
383 1
23 1
844 1
816 1
647 1
28 0
208 0
518 1
964 0
932 1
78 1
430 1
34 0
202 1
305 0
738 0
605 1
435 1
564 0
873 0
377 1
755 1
252 0
476 1
287 0
355 1
160 1
801 1
248 0
171 1
156 0
667 1
856 0
857 1
514 0
191 0
155 0
314 1
7 1
810 1
585 0
521 0
709 1
116 0
961 1
720 1
314 0
524 1
808 0
670 1
11 0
962 1
795 1
728 1
840 0
186 0
931 0
242 0
689 1
786 1
663 1
895 0
32 0
942 0
71 0
587 0
659 1
906 0
879 1
506 0
807 1
668 1
490 0
52 0
673 0
382 0
950 1
957 0
587 0
431 0
902 1
607 0
194 1
486 1
633 1
536 0
795 1
261 1
36 0
973 0
182 1
142 0
952 1
788 1
918 0
821 0
311 0
773 1
942 1
359 1
622 0
0 0
723 0
370 0
878 1
441 0
287 1
716 1
42 1
717 1
421 1
141 1
436 1
204 1
71 1
644 0
821 1
901 0
817 0
742 0
267 1
203 1
606 0
132 1
962 0
796 0
489 0
390 1
768 0
941 1
806 1
992 1
181 0
864 1
321 0
41 1
858 0
926 0
719 1
771 1
28 0
631 0
698 0
738 1
214 1
598 1
549 1
653 1
790 1
198 0
964 1
844 0
562 1
600 0
102 0
537 0
149 0
637 0
162 1
810 0
1 1
393 0
589 1
709 1
652 1
795 0
875 1
569 0
466 0
346 1
421 1
457 0
282 0
825 1
185 0
789 0
648 0
42 1
362 0
376 0
408 0
607 0
317 0
543 0
66 0
662 0
838 1
492 1
